1850,00.00,01.13,01.00,00.09,00.00,00.68,00.00,00.00,00.00,00.19,02.82,01.93,07.84,00.03,01.51,00.34,00.87,00.71,00.01,08.41
1851,00.03,01.51,00.34,00.87,00.71,00.01,00.00,00.00,00.02,00.01,00.25,03.74,07.49,00.58,01.84,01.87,00.85,00.32,00.00,09.48
1852,00.58,01.84,01.87,00.85,00.32,00.00,00.00,00.40,00.00,00.06,01.45,04.50,11.87,00.50,00.20,01.52,00.25,02.10,00.05,11.03
1853,00.50,00.20,01.52,00.25,02.10,00.05,00.00,00.21,00.00,00.00,01.28,01.77,07.88,00.99,02.56,01.88,00.89,00.18,00.01,09.77
1854,00.99,02.56,01.88,00.89,00.18,00.01,00.07,01.36,00.09,00.27,00.04,03.29,11.63,01.97,03.59,01.30,01.52,00.06,00.00,13.56
1855,01.97,03.59,01.30,01.52,00.06,00.00,00.00,00.04,00.00,00.11,02.15,00.41,11.15,01.27,01.86,01.59,02.17,00.29,00.00,09.89
1856,01.27,01.86,01.59,02.17,00.29,00.00,00.00,00.00,00.07,00.00,01.22,01.30,09.77,00.26,01.76,00.00,00.04,00.08,00.03,04.76
1857,00.26,01.76,00.00,00.04,00.08,00.03,00.00,00.02,00.01,00.49,02.16,01.30,06.15,01.52,00.44,01.24,00.17,00.00,00.19,07.54
1858,01.52,00.44,01.24,00.17,00.00,00.19,00.00,00.04,00.10,00.47,00.28,03.10,07.55,00.00,01.89,00.20,00.36,00.17,00.00,06.61
1859,00.00,01.89,00.20,00.36,00.17,00.00,00.02,00.00,00.00,00.18,01.49,01.79,06.10,00.72,01.49,00.15,00.65,00.04,00.05,06.58
1860,00.72,01.49,00.15,00.65,00.04,00.05,00.14,00.00,00.00,00.00,02.88,02.99,09.11,00.82,00.79,00.05,00.04,00.00,00.19,07.90
1861,00.82,00.79,00.05,00.04,00.00,00.19,00.00,00.00,01.59,00.05,01.19,03.20,07.92,05.56,01.39,00.97,01.05,00.16,00.48,15.64
1862,05.56,01.39,00.97,01.05,00.16,00.48,00.11,00.00,00.00,00.89,00.05,00.93,11.59,00.32,01.09,00.33,00.13,00.02,00.00,03.87
1863,00.32,01.09,00.33,00.13,00.02,00.00,00.00,00.00,00.36,00.00,00.73,00.04,03.02,00.04,02.50,00.20,00.01,01.25,00.01,05.14
1864,00.04,02.50,00.20,00.01,01.25,00.01,00.11,00.00,00.00,00.04,02.41,01.04,07.61,01.28,03.00,00.00,00.56,00.00,00.01,08.45
1865,01.28,03.00,00.00,00.56,00.00,00.01,01.29,00.00,00.00,00.02,00.52,00.84,07.52,05.05,03.43,01.47,00.11,00.09,00.00,12.82
1866,05.05,03.43,01.47,00.11,00.09,00.00,00.00,00.10,00.00,00.00,00.24,01.82,12.31,01.32,00.85,07.88,00.48,00.04,00.00,12.73
1867,01.32,00.85,07.88,00.48,00.04,00.00,00.00,00.30,00.00,00.34,00.45,03.06,14.72,03.37,01.63,00.73,01.20,00.15,00.00,11.23
1868,03.37,01.63,00.73,01.20,00.15,00.00,00.51,00.00,00.05,00.00,02.00,01.52,11.16,02.88,01.88,01.98,00.53,00.33,00.00,11.68
1869,02.88,01.88,01.98,00.53,00.33,00.00,00.05,00.00,00.00,00.05,02.32,00.94,10.96,00.54,00.77,00.33,00.20,00.28,00.00,05.48
1870,00.54,00.77,00.33,00.20,00.28,00.00,00.04,00.07,00.00,01.54,00.18,00.42,04.37,00.52,01.35,00.01,00.70,00.34,00.00,05.17
1871,00.52,01.35,00.01,00.70,00.34,00.00,00.00,00.00,00.00,00.00,01.33,01.39,05.64,00.99,01.63,00.46,00.26,00.12,00.00,06.18
1872,00.99,01.63,00.46,00.26,00.12,00.00,00.00,00.18,00.00,00.00,00.00,01.43,05.07,00.44,04.21,00.11,00.10,00.03,00.00,06.50
1873,00.44,04.21,00.11,00.10,00.03,00.00,00.00,01.95,00.00,00.00,00.77,05.46,13.07,03.11,03.73,01.20,00.34,00.32,00.00,16.88
1874,03.11,03.73,01.20,00.34,00.32,00.00,00.12,00.00,00.13,00.53,00.88,00.55,10.91,02.38,00.37,00.45,00.12,00.20,00.02,05.75
1875,02.38,00.37,00.45,00.12,00.20,00.02,00.00,00.21,00.39,00.00,02.25,00.41,06.80,02.47,02.44,01.78,00.06,00.05,00.05,10.11
1876,02.47,02.44,01.78,00.06,00.05,00.05,00.03,00.06,00.03,00.08,00.04,00.15,07.24,01.05,00.18,01.44,00.26,00.43,00.00,03.75
1877,01.05,00.18,01.44,00.26,00.43,00.00,00.00,00.00,00.00,00.81,00.06,03.89,08.12,01.45,04.83,01.41,02.91,00.58,00.16,16.10
1878,01.45,04.83,01.41,02.91,00.58,00.16,00.00,00.00,00.00,00.96,00.00,01.57,13.87,03.54,01.04,00.10,00.60,00.00,00.07,07.88
1879,03.54,01.04,00.10,00.60,00.00,00.07,00.00,00.00,00.00,00.29,02.77,06.32,14.73,00.61,01.50,01.43,01.34,00.06,00.06,14.38
1880,00.61,01.50,01.43,01.34,00.06,00.06,00.09,00.32,00.00,00.53,00.28,04.15,10.37,00.52,00.45,01.88,01.35,00.04,00.05,09.66
1881,00.52,00.45,01.88,01.35,00.04,00.05,00.00,00.01,00.04,00.24,00.12,00.30,05.00,04.53,02.55,01.02,00.45,00.18,00.07,09.51
1882,04.53,02.55,01.02,00.45,00.18,00.07,00.00,00.00,00.01,00.41,00.39,00.13,09.74,01.09,00.95,00.41,00.31,01.14,00.08,04.92
1883,01.09,00.95,00.41,00.31,01.14,00.08,00.00,00.00,00.00,02.01,00.20,01.82,08.01,01.34,09.05,06.23,02.84,02.17,00.31,25.97
1884,01.34,09.05,06.23,02.84,02.17,00.31,00.00,00.00,00.07,00.35,00.11,05.12,27.59,00.35,00.02,00.78,01.20,00.61,00.06,08.67
1885,00.35,00.02,00.78,01.20,00.61,00.06,00.00,00.13,00.00,00.31,01.56,00.71,05.73,06.95,01.51,03.73,01.95,00.04,00.07,16.96
1886,06.95,01.51,03.73,01.95,00.04,00.07,00.00,00.00,00.00,00.05,00.95,00.10,15.35,00.04,04.51,00.02,02.14,00.47,00.04,08.32
1887,00.04,04.51,00.02,02.14,00.47,00.04,00.01,00.00,00.00,00.00,02.08,01.14,10.45,01.96,01.48,02.79,00.10,00.22,00.04,09.82
1888,01.96,01.48,02.79,00.10,00.22,00.04,00.01,00.00,00.04,00.26,01.83,02.84,11.57,01.72,01.80,02.20,00.19,00.03,00.10,11.02
1889,01.72,01.80,02.20,00.19,00.03,00.10,00.00,00.04,00.00,02.12,00.12,07.71,16.03,02.79,01.70,00.41,00.05,00.08,00.00,15.02
1890,02.79,01.70,00.41,00.05,00.08,00.00,00.00,00.00,00.65,00.01,00.72,01.61,08.02,01.21,04.84,00.27,00.76,00.35,00.05,10.47
1891,01.21,04.84,00.27,00.76,00.35,00.05,00.00,00.00,00.08,00.04,00.10,01.29,08.99,01.58,02.96,00.96,00.41,01.15,00.13,08.70
1892,01.58,02.96,00.96,00.41,01.15,00.13,00.00,00.05,00.00,00.22,00.94,00.69,09.09,00.78,00.47,05.50,00.22,00.39,00.00,09.26
1893,00.78,00.47,05.50,00.22,00.39,00.00,00.00,00.00,00.00,00.11,00.91,01.91,10.29,00.29,00.49,01.05,00.11,00.09,00.01,04.97
1894,00.29,00.49,01.05,00.11,00.09,00.01,00.00,00.04,00.01,00.00,00.00,02.26,04.35,07.33,00.53,01.43,00.11,00.19,00.00,11.90
1895,07.33,00.53,01.43,00.11,00.19,00.00,00.00,00.00,00.01,00.27,01.19,00.27,11.33,01.27,00.02,02.89,00.25,00.03,00.01,06.21
1896,01.27,00.02,02.89,00.25,00.03,00.01,00.00,00.13,00.00,00.97,00.98,02.18,08.73,03.13,02.72,01.53,00.02,00.12,00.00,11.78
1897,03.13,02.72,01.53,00.02,00.12,00.00,00.01,00.00,00.00,01.06,00.02,00.32,08.93,01.71,00.06,00.91,00.22,00.66,00.02,04.99
1898,01.71,00.06,00.91,00.22,00.66,00.02,00.00,00.00,00.07,00.00,00.15,00.87,04.67,02.34,00.30,00.85,00.29,00.10,00.27,05.24
1899,02.34,00.30,00.85,00.29,00.10,00.27,00.00,00.07,00.00,00.35,00.86,00.65,06.08,00.69,00.03,00.53,01.26,01.45,00.08,05.97
1900,00.69,00.03,00.53,01.26,01.45,00.08,00.00,00.00,00.00,00.39,01.43,00.00,05.86,02.08,04.77,01.07,00.01,00.77,00.02,10.54
1901,02.08,04.77,01.07,00.01,00.77,00.02,00.00,00.00,00.06,00.28,00.41,00.02,09.49,01.70,01.57,01.86,00.21,00.06,00.00,06.17
1902,01.70,01.57,01.86,00.21,00.06,00.00,00.92,00.00,00.00,00.06,01.53,03.58,11.49,00.69,02.27,01.17,01.40,00.14,00.00,11.76
1903,00.69,02.27,01.17,01.40,00.14,00.00,00.00,00.00,00.00,00.07,00.00,00.35,06.09,00.04,01.50,02.17,00.15,00.12,00.00,04.40
1904,00.04,01.50,02.17,00.15,00.12,00.00,00.00,00.00,00.00,00.17,00.00,02.46,06.61,02.16,05.90,02.98,00.30,00.35,00.00,14.32
1905,02.16,05.90,02.98,00.30,00.35,00.00,00.16,00.00,00.50,00.25,03.38,00.38,16.36,00.98,02.62,04.68,00.98,00.72,00.03,14.68
1906,00.98,02.62,04.68,00.98,00.72,00.03,00.00,00.10,00.12,00.03,00.62,04.02,14.90,03.27,00.45,01.62,00.13,00.07,00.19,10.62
1907,03.27,00.45,01.62,00.13,00.07,00.19,00.03,00.00,00.00,01.71,00.05,00.43,07.95,02.80,02.41,00.61,00.35,00.16,00.00,08.55
1908,02.80,02.41,00.61,00.35,00.16,00.00,00.00,00.64,00.20,00.15,01.00,00.27,08.59,03.57,01.76,02.62,00.02,00.00,00.00,10.23
1909,03.57,01.76,02.62,00.02,00.00,00.00,00.00,00.00,00.02,00.00,02.39,03.76,14.14,02.00,00.19,01.30,00.08,00.05,00.00,09.79
1910,02.00,00.19,01.30,00.08,00.05,00.00,00.01,00.05,00.17,01.35,00.40,00.15,05.75,03.35,04.92,00.92,00.65,00.01,00.01,11.99
1911,03.35,04.92,00.92,00.65,00.01,00.01,00.12,00.00,00.10,00.28,00.02,01.39,11.77,00.66,00.00,05.72,02.13,00.17,00.16,10.75
1912,00.66,00.00,05.72,02.13,00.17,00.16,00.14,00.26,00.00,00.89,00.40,00.03,10.56,01.19,02.40,00.42,00.08,00.07,00.09,05.97
1913,01.19,02.40,00.42,00.08,00.07,00.09,00.06,00.02,00.02,00.00,02.23,00.72,07.30,03.59,01.90,00.36,00.85,00.08,00.00,09.83
1914,03.59,01.90,00.36,00.85,00.08,00.00,00.00,00.00,00.00,01.05,00.86,02.21,10.90,04.91,03.62,00.33,01.15,00.28,00.00,14.41
1915,04.91,03.62,00.33,01.15,00.28,00.00,00.00,00.00,00.00,00.00,00.73,02.60,13.62,07.56,00.66,00.98,00.01,00.01,00.00,12.55
1916,07.56,00.66,00.98,00.01,00.01,00.00,00.02,00.01,00.25,00.87,00.05,01.14,11.56,04.32,01.84,00.26,01.06,00.31,00.00,10.13
1917,04.32,01.84,00.26,01.06,00.31,00.00,00.00,00.00,00.00,00.17,00.08,00.00,08.04,01.64,01.52,04.57,00.00,00.00,00.06,08.04
1918,01.64,01.52,04.57,00.00,00.00,00.06,00.00,00.11,00.08,00.42,01.91,00.00,10.31,00.61,01.46,01.83,00.30,00.34,00.00,07.06
1919,00.61,01.46,01.83,00.30,00.34,00.00,00.00,00.01,00.26,01.04,00.43,00.48,06.76,00.43,02.87,02.46,00.47,00.44,00.02,08.91
1920,00.43,02.87,02.46,00.47,00.44,00.02,00.00,00.01,00.08,00.18,00.19,00.54,07.69,02.02,00.35,01.13,00.04,02.54,00.00,07.08
1921,02.02,00.35,01.13,00.04,02.54,00.00,00.00,00.00,01.24,00.67,00.30,09.26,17.55,03.45,01.86,01.34,00.17,00.36,00.00,18.65
1922,03.45,01.86,01.34,00.17,00.36,00.00,00.01,00.00,00.00,00.09,00.75,01.21,09.24,01.34,01.53,00.34,01.05,00.00,00.04,06.36
1923,01.34,01.53,00.34,01.05,00.00,00.04,00.01,00.00,00.03,00.37,00.16,01.65,06.52,00.26,00.00,02.41,00.77,00.00,00.00,05.66
1924,00.26,00.00,02.41,00.77,00.00,00.00,00.00,00.00,00.00,00.35,00.55,01.34,05.68,00.08,00.30,01.78,01.11,00.15,00.15,05.81
1925,00.08,00.30,01.78,01.11,00.15,00.15,00.00,00.01,00.00,03.67,01.16,01.50,09.91,00.78,02.33,00.82,05.37,00.01,00.01,15.66
1926,00.78,02.33,00.82,05.37,00.01,00.01,00.00,00.05,00.00,00.21,00.59,03.89,14.06,00.32,06.68,02.05,00.71,00.12,00.12,14.74
1927,00.32,06.68,02.05,00.71,00.12,00.12,00.00,00.01,00.04,01.76,00.05,04.57,16.43,00.21,00.79,00.69,00.14,00.36,00.09,08.71
1928,00.21,00.79,00.69,00.14,00.36,00.09,00.00,00.03,00.00,00.14,00.63,02.42,05.50,00.90,01.14,01.22,00.57,00.05,00.00,07.10
1929,00.90,01.14,01.22,00.57,00.05,00.00,00.00,00.00,00.26,00.00,00.00,00.00,04.14,03.90,00.66,03.02,01.06,01.81,00.02,10.73
1930,03.90,00.66,03.02,01.06,01.81,00.02,00.00,00.00,00.00,00.22,01.04,00.00,11.73,03.72,04.11,00.06,01.38,00.24,00.01,10.78
1931,03.72,04.11,00.06,01.38,00.24,00.01,00.00,00.08,00.00,00.05,01.95,03.56,15.16,01.45,05.15,00.42,00.50,00.01,00.01,13.18
1932,01.45,05.15,00.42,00.50,00.01,00.01,00.00,00.00,00.00,01.10,00.30,02.40,11.34,04.32,00.02,00.13,01.75,00.53,00.08,10.63
1933,04.32,00.02,00.13,01.75,00.53,00.08,00.02,00.01,00.02,00.16,00.03,01.10,08.17,00.30,01.88,00.24,00.01,00.02,00.47,04.26
1934,00.30,01.88,00.24,00.01,00.02,00.47,00.00,00.02,00.18,00.42,01.95,03.38,08.87,02.15,04.54,01.42,01.02,00.02,00.00,15.10
1935,02.15,04.54,01.42,01.02,00.02,00.00,00.00,00.18,00.01,00.05,00.07,00.74,10.20,00.75,05.18,00.92,00.48,00.00,00.01,08.39
1936,00.75,05.18,00.92,00.48,00.00,00.01,00.01,00.28,00.04,01.86,00.44,04.45,14.42,01.52,04.22,02.65,00.13,00.32,00.01,15.93
1937,01.52,04.22,02.65,00.13,00.32,00.01,00.16,00.00,00.00,00.00,00.02,01.06,10.09,00.89,03.26,03.73,00.44,00.15,00.01,09.72
1938,00.89,03.26,03.73,00.44,00.15,00.01,00.00,00.03,00.00,00.23,00.02,04.25,13.01,02.38,01.23,01.17,00.47,00.01,00.00,09.79
1939,02.38,01.23,01.17,00.47,00.01,00.00,00.00,00.00,03.14,00.62,01.13,00.54,10.69,02.15,03.56,00.82,00.46,00.00,00.00,12.42
1940,02.15,03.56,00.82,00.46,00.00,00.00,00.00,00.00,00.08,01.50,00.49,06.09,15.15,02.03,05.31,05.89,03.35,00.00,00.00,24.74
1941,02.03,05.31,05.89,03.35,00.00,00.00,00.06,00.03,00.28,02.90,02.23,02.85,24.93,00.21,01.06,01.91,01.40,00.11,00.01,13.05
1942,00.21,01.06,01.91,01.40,00.11,00.01,00.00,00.00,00.00,00.27,00.27,00.69,05.93,06.26,01.40,01.66,00.52,00.02,00.01,11.10
1943,06.26,01.40,01.66,00.52,00.02,00.01,00.00,00.00,00.04,00.20,00.03,07.60,17.74,01.22,03.65,00.80,00.61,00.22,00.10,14.47
1944,01.22,03.65,00.80,00.61,00.22,00.10,00.00,00.00,00.00,00.00,04.93,01.53,13.06,00.42,01.91,02.03,00.03,00.04,00.15,11.04
1945,00.42,01.91,02.03,00.03,00.04,00.15,00.00,00.87,00.03,00.00,00.13,03.62,09.23,00.89,00.60,02.67,00.52,00.01,00.00,09.34
1946,00.89,00.60,02.67,00.52,00.01,00.00,00.00,00.00,00.00,00.34,02.53,01.18,08.74,00.35,00.43,00.97,00.36,00.17,00.00,06.33
1947,00.35,00.43,00.97,00.36,00.17,00.00,00.00,00.00,00.18,00.08,00.72,03.02,06.28,00.00,01.07,01.60,00.13,00.01,00.02,06.83
1948,00.00,01.07,01.60,00.13,00.01,00.02,00.00,00.00,00.00,01.32,00.10,02.38,06.63,03.56,01.81,00.75,00.09,00.41,00.00,10.42
1949,03.56,01.81,00.75,00.09,00.41,00.00,00.00,00.00,00.00,00.23,01.16,00.86,08.87,03.31,01.62,01.00,00.28,00.09,00.00,08.55
1950,03.31,01.62,01.00,00.28,00.09,00.00,00.08,00.00,00.00,00.01,01.23,00.05,07.67,01.60,00.50,00.50,01.95,00.00,00.00,05.92
1951,01.60,00.50,00.50,01.95,00.00,00.00,00.00,00.85,00.04,00.68,01.23,03.87,11.22,04.24,00.60,04.97,01.54,00.00,00.14,18.16
1952,04.24,00.60,04.97,01.54,00.00,00.14,00.00,00.00,00.00,00.00,01.83,02.20,15.52,00.58,00.58,00.79,00.33,00.09,00.14,06.54
1953,00.58,00.58,00.79,00.33,00.09,00.14,00.00,00.00,00.00,00.07,00.80,00.03,03.41,02.76,01.03,04.31,00.09,00.01,00.03,09.13
1954,02.76,01.03,04.31,00.09,00.01,00.03,00.00,00.00,00.00,00.00,00.74,00.55,09.52,03.59,00.56,00.38,00.90,00.49,00.00,07.21
1955,03.59,00.56,00.38,00.90,00.49,00.00,00.00,00.11,00.00,00.00,00.55,00.33,06.91,01.65,00.22,00.00,01.56,00.10,00.00,04.52
1956,01.65,00.22,00.00,01.56,00.10,00.00,00.00,00.00,00.00,00.68,00.00,00.18,04.39,04.80,00.50,00.75,00.84,00.88,00.26,08.89
1957,04.80,00.50,00.75,00.84,00.88,00.26,00.00,00.00,00.37,01.76,00.59,01.38,12.13,00.62,03.15,03.98,01.65,00.40,00.00,13.90
1958,00.62,03.15,03.98,01.65,00.40,00.00,00.00,00.00,00.62,00.01,00.44,00.06,10.93,00.08,03.76,00.00,00.31,00.00,00.00,05.28
1959,00.08,03.76,00.00,00.31,00.00,00.00,00.00,00.00,00.04,00.23,00.02,01.44,05.88,02.99,01.45,00.55,00.56,00.17,00.00,07.45
1960,02.99,01.45,00.55,00.56,00.17,00.00,00.00,00.00,00.06,00.04,01.01,00.22,07.05,01.21,00.06,00.85,00.00,00.01,00.00,03.46
1961,01.21,00.06,00.85,00.00,00.01,00.00,00.00,00.04,00.00,00.20,00.79,01.45,04.61,02.71,03.08,00.64,00.01,00.62,00.09,09.63
1962,02.71,03.08,00.64,00.01,00.62,00.09,00.00,00.00,00.00,00.01,00.01,00.22,07.39,00.11,01.22,01.33,00.71,00.09,00.28,03.98
1963,00.11,01.22,01.33,00.71,00.09,00.28,00.00,00.00,01.90,00.13,01.85,00.10,07.72,01.30,00.37,00.97,00.20,00.15,00.08,07.05
1964,01.30,00.37,00.97,00.20,00.15,00.08,00.00,00.00,00.00,00.02,01.01,01.17,05.27,00.40,00.52,01.79,03.58,00.00,00.01,08.50
1965,00.40,00.52,01.79,03.58,00.00,00.01,00.02,00.00,00.29,00.00,05.82,06.60,19.03,01.29,00.86,00.17,00.00,00.02,00.00,15.07
1966,01.29,00.86,00.17,00.00,00.02,00.00,00.00,00.00,00.00,00.80,00.82,03.22,07.18,02.20,00.00,01.14,02.24,00.05,00.16,10.63
1967,02.20,00.00,01.14,02.24,00.05,00.16,00.01,00.14,00.08,00.00,03.53,01.66,11.21,00.35,00.22,01.55,00.34,00.08,00.00,07.96
1968,00.35,00.22,01.55,00.34,00.08,00.00,00.13,00.00,00.00,00.04,00.36,00.61,03.68,04.78,04.34,00.94,00.21,00.17,00.02,11.60
1969,04.78,04.34,00.94,00.21,00.17,00.02,00.00,00.01,00.00,00.04,00.79,00.46,11.76,00.86,02.58,01.50,00.09,00.01,00.00,06.34
1970,00.86,02.58,01.50,00.09,00.01,00.00,00.00,00.00,00.00,00.07,02.05,02.22,09.38,00.30,01.27,00.20,00.93,00.95,00.01,08.00
1971,00.30,01.27,00.20,00.93,00.95,00.01,00.00,00.03,00.00,01.66,00.06,03.27,08.68,00.07,00.10,00.00,00.02,00.10,00.38,05.69
1972,00.07,00.10,00.00,00.02,00.10,00.38,00.00,00.02,00.44,00.58,03.16,01.61,06.48,01.68,01.63,02.26,00.05,00.00,00.00,11.43
1973,01.68,01.63,02.26,00.05,00.00,00.00,00.00,00.00,00.02,00.01,01.63,00.19,07.47,02.96,00.04,01.70,00.02,00.01,00.02,06.60
1974,02.96,00.04,01.70,00.02,00.01,00.02,00.01,00.00,00.00,01.03,00.14,02.20,08.13,00.49,00.96,03.79,02.00,00.01,00.02,10.65
1975,00.49,00.96,03.79,02.00,00.01,00.02,00.00,00.00,00.00,00.09,00.64,00.37,08.37,00.00,05.40,00.99,01.33,00.27,00.02,09.11
1976,00.00,05.40,00.99,01.33,00.27,00.02,00.02,00.01,01.00,00.38,00.75,01.06,11.23,02.36,00.06,00.61,00.01,01.79,00.03,08.08
1977,02.36,00.06,00.61,00.01,01.79,00.03,00.00,02.13,00.00,00.50,00.05,01.67,09.21,05.95,02.64,05.00,00.73,00.04,00.00,18.71
1978,05.95,02.64,05.00,00.73,00.04,00.00,00.00,00.00,00.72,00.05,02.09,02.19,19.41,05.82,00.85,03.71,00.02,00.09,00.01,15.55
1979,05.82,00.85,03.71,00.02,00.09,00.01,00.09,00.01,00.00,00.73,00.27,00.02,11.62,05.58,04.47,02.71,01.18,00.65,00.01,15.72
1980,05.58,04.47,02.71,01.18,00.65,00.01,00.00,00.00,00.00,00.05,00.00,00.31,14.96,01.48,02.26,03.74,00.22,00.04,00.00,08.10
1981,01.48,02.26,03.74,00.22,00.04,00.00,00.00,00.00,00.03,00.14,01.79,00.54,10.24,02.71,00.88,04.74,00.62,00.01,00.04,11.50
1982,02.71,00.88,04.74,00.62,00.01,00.04,00.00,00.00,00.38,00.05,02.10,01.43,12.96,02.10,03.88,06.57,01.74,00.01,00.00,18.26
1983,02.10,03.88,06.57,01.74,00.01,00.00,00.01,00.39,00.21,00.40,01.94,01.53,18.78,00.46,00.09,00.04,00.62,00.00,00.04,05.73
1984,00.46,00.09,00.04,00.62,00.00,00.04,00.19,00.06,00.00,00.29,02.37,04.55,08.71,00.52,00.77,00.58,00.32,00.00,00.00,09.65
1985,00.52,00.77,00.58,00.32,00.00,00.00,00.00,00.00,00.20,00.29,04.92,01.06,08.66,00.75,02.59,03.12,01.17,00.00,00.00,14.10
1986,00.75,02.59,03.12,01.17,00.00,00.00,00.01,00.00,01.04,01.39,01.16,00.95,12.18,01.68,01.53,01.04,00.78,00.03,00.00,09.61
1987,01.68,01.53,01.04,00.78,00.03,00.00,00.03,00.01,00.70,01.74,01.33,02.73,11.60,00.89,01.37,00.59,03.71,00.08,00.00,13.18
1988,00.89,01.37,00.59,03.71,00.08,00.00,00.00,00.00,00.00,00.00,01.39,02.23,10.26,00.42,00.70,00.69,00.12,00.04,00.06,05.65
1989,00.42,00.70,00.69,00.12,00.04,00.06,00.00,00.00,00.23,00.47,00.09,01.01,03.83,02.52,01.13,00.25,00.76,00.51,00.87,07.84
1990,02.52,01.13,00.25,00.76,00.51,00.87,00.00,00.01,00.00,00.00,00.65,00.59,07.29,01.06,02.46,06.96,00.05,00.01,00.00,11.79
1991,01.06,02.46,06.96,00.05,00.01,00.00,00.24,00.01,00.28,00.69,00.05,01.70,13.51,01.81,03.34,04.42,00.28,00.07,00.04,12.93
1992,01.81,03.34,04.42,00.28,00.07,00.04,00.03,00.05,00.00,00.18,00.03,02.56,12.81,09.09,04.73,01.22,00.00,00.01,00.41,18.31
1993,09.09,04.73,01.22,00.00,00.01,00.41,00.03,00.00,00.00,00.22,00.77,00.78,17.26,00.70,02.75,03.67,00.93,00.07,00.00,09.92
1994,00.70,02.75,03.67,00.93,00.07,00.00,00.03,00.01,00.00,00.01,00.46,00.80,09.43,08.06,01.93,03.81,00.96,00.59,00.46,17.12
1995,08.06,01.93,03.81,00.96,00.59,00.46,00.05,00.00,00.00,00.00,00.30,00.88,17.04,01.52,00.88,01.10,00.36,00.02,00.00,05.11
1996,01.52,00.88,01.10,00.36,00.02,00.00,00.09,00.00,00.03,00.94,01.70,00.63,07.27,03.02,00.31,00.00,00.28,00.00,00.00,07.00
1997,03.02,00.31,00.00,00.28,00.00,00.00,00.00,00.00,00.85,00.02,01.17,01.35,07.00,02.68,07.65,02.21,01.11,00.64,00.10,17.78
1998,02.68,07.65,02.21,01.11,00.64,00.10,00.20,00.00,00.03,00.08,00.69,00.66,16.05,01.54,00.70,01.09,01.62,00.06,00.04,06.71
1999,01.54,00.70,01.09,01.62,00.06,00.04,00.00,00.00,00.02,00.00,00.04,00.32,05.43,00.17,03.67,01.00,00.54,00.00,00.00,05.76
2000,00.17,03.67,01.00,00.54,00.00,00.00,00.00,00.01,00.00,01.24,00.26,00.01,06.90,03.28,02.38,00.63,00.76,00.01,00.00,08.58
2001,03.28,02.38,00.63,00.76,00.01,00.00,00.00,00.00,00.00,00.00,00.95,00.46,08.47,00.32,00.17,00.46,00.63,00.00,00.00,02.99
2002,00.32,00.17,00.46,00.63,00.00,00.00,00.00,00.00,00.31,00.04,00.32,01.98,04.23,00.02,04.88,01.36,01.41,00.30,00.00,10.62
2003,00.02,04.88,01.36,01.41,00.30,00.00,00.00,00.00,00.00,00.00,00.60,00.61,09.18,00.34,02.81,00.22,00.60,00.00,00.00,05.18
2004,00.34,02.81,00.22,00.60,00.00,00.00,00.00,00.00,00.00,04.98,00.33,04.01,13.29,04.49,05.83,02.12,00.59,00.12,00.02,22.49
2005,04.49,05.83,02.12,00.59,00.12,00.02,00.01,00.00,00.10,00.46,00.12,00.25,14.11,00.36,01.11,01.36,00.88,01.41,00.00,06.06
2006,00.36,01.11,01.36,00.88,01.41,00.00,00.04,00.01,00.00,00.76,00.15,00.71,06.79,00.51,01.12,00.09,00.46,00.00,00.00,03.85
2007,00.51,01.12,00.09,00.46,00.00,00.00,00.00,00.00,00.05,00.37,00.97,00.80,04.37,03.34,01.21,00.26,00.00,00.23,00.02,07.25
2008,03.34,01.21,00.26,00.00,00.23,00.02,00.00,00.00,00.00,00.18,02.49,03.38,11.11,00.08,02.63,00.18,00.14,00.04,00.03,09.15
2009,00.08,02.63,00.18,00.14,00.04,00.03,00.00,00.00,00.00,00.00,00.12,02.28,05.50,03.38,02.28,00.68,01.78,00.01,00.02,10.55
2010,03.38,02.28,00.68,01.78,00.01,00.02,00.02,00.00,00.03,02.18,00.88,05.00,16.26,00.30,02.10,01.46,00.26,00.36,00.03,12.62
2011,00.30,02.10,01.46,00.26,00.36,00.03,00.00,00.00,00.13,00.46,03.12,00.86,09.08,00.40,01.19,00.97,00.88,00.02,00.00,08.03
2012,00.40,01.19,00.97,00.88,00.02,00.00,00.00,00.00,00.00,00.70,00.28,02.19,06.63,01.21,00.56,01.22,00.01,00.26,00.00,06.43
2013,01.21,00.63,01.22,00.01,00.26,00.00,00.05,00.00,00.00,00.25,01.48,00.46,05.57,00.01,01.00,01.28,00.53,00.00,00.00,05.06
2014,00.01,01.00,01.28,00.53,00.00,00.00,00.00,00.08,00.00,00.00,00.37,04.50,07.77,00.42,00.28,00.93,00.02,02.39,00.04,09.03
2015,00.42,00.28,00.93,00.02,02.39,00.04,01.71,00.01,01.24,00.43,01.54,00.88,09.89,03.21,00.05,00.76,00.55,00.44,00.00,11.03
2016,03.21,00.05,00.76,00.55,00.44,00.00,00.00,00.00,00.32,00.07,00.61,04.22,10.23,03.01,03.71,00.08,00.01,00.92,00.02,12.97
2017,03.01,03.71,00.08,00.01,00.92,00.02,0,0,0,0,0,0,0,0,0,0,0,0,0,0